-0.938793266192079 112.870844199523 68.3817299218651 99.888283861672 123.22334160397
0.251109329517931 110.170578510768 99.1516352123313 124.746047177553 120.516458308921
0.828507942613214 107.168412531302 130.797768417848 139.479143948433 99.7411104703905
0.858804159332067 123.508130361681 84.7534064587656 102.700288134992 103.449300040804
-0.633227218873799 106.834097470176 117.255657053147 95.1251347206768 82.6881990109116
0.193243897985667 113.711730284444 87.6303854741196 91.6633704131646 110.666946760783
-0.833321855869144 82.699468249912 97.6741738503504 118.36579451973 126.902066433642
0.516124451998621 97.7778217613439 105.145654411398 96.8829855705668 124.284596740096
0.257491264492273 88.9757302977261 77.3859918626073 88.4092347113124 94.0476183752632
0.395074235741049 99.4839099121826 103.138142505858 91.3404513580199 114.858542220458
0.266668985132128 115.745022265438 113.755691039057 102.780801748421 93.9295335860951
0.0375707903876901 94.0745250407604 125.331323690617 95.0561315090188 77.8412515626479
-0.078938465565443 103.630917267873 90.8022985121622 106.413805124341 100.32969765509
-0.564917582087219 134.545648487946 79.062297853574 79.2646798448044 116.971575839821
0.648448569700122 89.7527303029622 85.0119346016993 92.0661651332577 125.126906672647
-0.552840862423182 97.495084057276 107.811971651892 98.0641510047247 114.510738416838
-0.629250599071383 86.880529215606 94.4846271717773 101.205550387333 124.605856095959
-0.849622410722077 76.0757537960058 119.209014894862 93.7832565557975 112.193068205129
0.736721439287066 114.823335355658 68.5033038860342 94.953420579278 129.870124362267
0.503639514558017 73.5815164159912 92.2482812316668 97.3406245771801 110.622008642815
-0.149574683979154 124.536999287163 88.4562167507833 85.0600137705572 115.437874857314
-0.469356194604188 90.6656601974344 107.075460015312 107.983622968459 105.47180623624
-0.393233738839626 126.726266297109 102.066857313461 120.072028444768 75.5097102596933
0.97415615664795 123.613218151928 95.9630402829013 85.5137530688635 147.501752716115
0.486161373089999 95.6043028389995 108.213193765871 85.5114927655809 89.2384398896774
0.568855980876833 110.782729288695 95.6430170512932 73.9348118462384 98.9921831443761
-0.710269554052502 112.783697369961 72.6536652509405 116.139996659707 110.65094589602
0.50419728923589 118.538145635228 86.3449487113975 82.7027311858978 94.1308873249024
0.935559192672372 92.6430334576359 97.2803591156138 114.923149313175 123.817198314591
0.248689679428935 99.3576806752222 102.118088756503 100.498754551763 120.12245120266
-0.819613605737686 102.641473844131 73.8828466919986 116.250396705623 106.517946339209
-0.379088224843144 69.6260702978857 108.904125617522 104.449669731714 99.7282902265687
0.993311648257077 102.240952184494 79.9839448901262 118.570687347949 94.8588249319209
0.11169087421149 71.0559695575051 84.1110387617742 98.5383408591159 101.974751038891
0.277075273916125 104.274040572809 99.4041660412064 114.948046087164 85.338536619833
0.230656564701349 104.406926877931 114.519007489956 117.726569672708 89.3323815313106
0.53766894293949 79.3400669202099 96.2807117733397 102.614976190424 72.3761332479595
-0.460153172723949 97.6519146753871 76.738564239644 109.901745674214 73.1381613077274
-0.661153045017272 96.3522083932695 90.6585444635717 105.237036323235 95.8120604192725
-0.0423197653144598 86.6870507637031 74.4440154552102 105.943831266152 82.5144444953185
-0.616054544690996 110.76681817035 90.2289530346987 110.720727865946 95.2159976084097
0.561445949599147 118.312042159079 88.7277911628624 78.771363348044 102.438371904872
-0.291844238527119 101.101020014948 76.1792979900901 77.3558495985303 76.7769717604587
0.995766614563763 95.3571337229076 106.989689954457 107.452201291904 94.142513505722
0.999492493458092 111.584123293965 111.042595624696 100.606603633824 107.369102870354
0.613607048522681 100.939459628698 128.874921577211 110.443020933282 100.989296483004
0.417719315271825 103.284037642052 80.333594585062 101.105077000258 113.143800272527
-0.154443656560034 120.094839183185 140.718925965771 83.2537888232089 116.367964611549
0.340307847131044 111.131958500366 85.1136329110167 106.217116713067 105.434367895104
0.727907956112176 88.3433091215417 92.7673156186261 114.107319570072 111.22411467683
0.822357603348792 112.375072258463 95.1125799406392 132.514861599638 110.98662386306
-0.366993106901646 106.228163496667 96.2827309513889 87.194506851674 110.338477367574
-0.717810910660774 101.033708603161 89.4346355873268 121.917094040905 98.8165189551454
-0.830698434729129 93.8408430420361 78.851737254917 101.517426692571 92.074714766297
-0.0454377243295312 121.966333869276 92.2502248815463 90.7127537262538 131.491252967732
0.943504912313074 91.441635996961 101.176012045879 88.2899969137138 116.540279568103
-0.660232007037848 97.429590693112 79.9480375163439 98.4479305457096 93.0742899322113
-0.957758272532374 107.301837048755 98.2347460825247 124.912737756577 98.0990409603311
-0.345463385339826 90.5484533000248 114.558758323168 87.3655162135257 79.6751079162717
0.0876336642540991 108.950427003516 99.5586824848327 110.795882081084 76.9448235195613
-0.179206387139857 95.1831521130945 97.3446606469875 104.824108941953 118.757360921955
0.798614351544529 102.494656958907 101.359036398955 87.8870250510626 119.82944718107
0.891722126863897 115.436710149603 81.9088504029828 91.2960300267374 106.501542619644
-0.452480431646109 135.806157938243 89.4468405062885 78.5693670117857 92.011218396832
-0.798777552321553 89.5229546124927 113.564044612221 103.511141434056 105.502045273344
0.219365931116045 97.5996258095977 76.6395468077125 97.699081342422 98.7602933074349
-0.0458932807669044 101.556062337003 94.5421973016079 92.8335847068664 74.9803973865091
0.0260108741931617 109.468251719025 98.8667417500306 118.69292657748 99.764098001517
-0.319872862659395 96.2636960701857 84.5533752997248 132.359333508722 99.6148943793519
-0.657984114717692 101.691166382685 111.359427194205 111.906663942588 114.619099925058
-0.347423956729472 127.103121680429 74.1878270063163 101.378036203849 107.491657101813
0.469565545674413 111.66406099664 77.7090920038884 106.285121058161 104.053548967467
-0.789816834032536 105.046154258063 108.205140693083 125.679229777769 99.8233240031063
0.286228364799172 109.569794671998 101.866804568513 90.2412251809614 119.133975744979
-0.210089814383537 79.695636260813 75.0654078257413 109.818537758457 103.486342760038
-0.918994551990181 87.4280843700582 79.9900401502015 129.914574108754 115.682968871137
-0.457204062025994 92.0852160754497 105.283095629611 113.192004970643 86.4097276613426
-0.264426313806325 109.922210482941 103.462349366532 97.8330503979319 99.6252817225448
-0.733817429747432 87.1571423754635 80.3299697118877 106.77996282928 93.6045419682644
-0.758179833181202 119.103627941825 103.53413713496 117.687604031846 102.702119251
-0.765590676106513 94.0299246435857 78.4944006910103 78.9163382461666 79.6684872997982
0.335115239955485 123.426517091132 102.495902207784 94.3095279993718 83.5288133450194
0.894449798855931 121.259667818312 101.974970823655 102.976705564996 84.9306788289368
0.530378516763449 106.49556436373 112.152597674409 109.273264509245 80.019962261104
-0.74668057449162 92.6069933546706 98.5609812343752 110.976366555369 93.4270872567751
0.181213909760118 107.2429032883 92.5804964086978 140.411702527168 89.3211105970981
0.218390600290149 70.4774224411128 122.33881993478 128.508480840228 90.6234891596371
-0.818334485869855 97.0683479506316 80.4793863576659 81.215041134485 88.2970189168165
-0.381711738184094 134.389161554533 114.11398797244 92.8777729501308 93.4217985746955
-0.0916550024412572 87.9597354749597 108.156190940945 98.2195154030727 106.54241124714
-0.480083408299834 97.5170986041422 111.44761123087 90.3899158323672 94.7864787725696
0.716050211340189 97.3512110768267 94.6340652039825 98.9827386805068 116.369834954851
-0.498619507066905 54.3799762675808 99.1990992823079 77.5255117042721 107.465176857997
0.264178236015141 94.9165870863735 98.6350162799337 95.4007744545161 83.6147704741519
0.747311183717102 113.297446396537 100.445003091392 87.1772781340221 85.7046408291823
0.588926245458424 97.798636293714 114.68761981578 108.274915391093 101.240534419793
-0.747338254470378 108.688328507052 108.883308585506 107.076950353179 122.121453293315
0.657192578539252 117.622933550148 100.682731012248 69.0892763885931 85.286323823754
0.177737856749445 111.946975779723 73.5903809754084 100.961063865842 82.8031263705523
0.0170278982259333 83.4186867004366 85.3074987148481 121.013917083482 93.6665490500204
-0.668983459006995 85.2768746064492 113.644333096938 97.0106604795653 108.490645694334
-0.840134638827294 137.464031405909 96.9108604496113 87.6456483478115 101.811413590872
0.119523595552891 99.5801989081489 99.4600362372665 96.1567387309473 97.8248004373184
-0.873884507454932 96.415026816716 100.333169748588 105.607464631292 71.3762825375156
0.959535708650947 112.953788845001 102.373877424362 100.58312013943 72.4337176852594
0.108006743714213 135.51242574687 89.1754372301285 106.927854979512 94.379949295022
0.900929775089025 90.2072970446124 111.119299828576 98.6995775498068 114.056700002139
0.464236260391772 97.0584185755359 104.119478359335 118.185482729774 80.6634051534208
0.547740724869072 79.164956097671 93.8733821370528 117.231982274785 74.8779176752287
-0.137808728963137 98.719205259205 116.387946983484 98.2800433911201 108.758819854607
-0.652074352372438 73.0683643919295 112.573727772438 127.789175843086 121.803157241269
-0.603174709249288 107.161629561187 103.56925046067 97.8252617771267 79.6761609465083
0.642551719676703 119.012063699057 106.774082758722 108.281458907571 75.8602791408501
-0.368078303523362 127.787810491193 80.8050289556863 119.382751732536 75.0278564157034
-0.874000651761889 121.133796332132 95.1865638798148 110.706655429087 123.120962187052
-0.198311695829034 101.264892193484 71.1354443898607 99.4294533832063 80.9942891869706
0.582810150459409 53.4796728894923 125.280907456968 83.8591092302206 101.002571003584
0.651753642596304 88.2845671997336 81.565344130378 110.401773642722 94.5002959320612
0.330706719774753 118.30142687498 97.8478040420342 108.841412244991 88.085211847332
-0.143171145115048 100.746159551993 101.770133000044 73.6728723121772 117.99844798882
0.519221367780119 101.457003266859 83.6087080390488 120.093574070154 75.6383836004532
0.0639033867046237 102.1407675881 105.316112574962 97.9882879257788 125.64681501983
0.785849528387189 91.1456427586561 107.827929803577 118.405622918833 86.6019808127016
-0.742161434609443 105.692173723886 96.605431750064 87.7706542451053 111.042950361825
0.190312648657709 89.7957964477876 108.319389566871 102.724904795301 77.0532213089758
-0.387756596319377 126.352404233625 125.482106916008 127.27717276264 96.5531518995156
0.00434568384662271 88.268975720651 103.310505850201 90.5907746016923 94.7204756953634
0.836225993465632 102.04856863414 93.5125079031403 108.493837291228 95.7704347715882
-0.00782854435965419 125.489118539603 123.416111632916 112.359394774481 92.5054178439344
-0.898167222738266 94.3399380327613 98.9035137246933 96.6368855392536 95.937244688858
0.515928335953504 98.3350938971679 109.516931497928 121.382790314574 122.16960303928
0.052800958044827 105.8642838146 99.9523590848235 132.243874357251 78.7316106597046
-0.948340004775673 89.9088600317782 93.7561158646594 81.6305105623918 114.462395392953
-0.801112854853272 92.7779667989311 91.3654860886917 95.3041574872686 94.3561692504602
0.710075170267373 100.941643190635 113.091801872213 112.566508520459 88.9555819545949
0.0370472422800958 110.199571694144 98.3423357861499 118.624029934912 91.4525915654197
-0.735259000677615 82.577052520136 107.99543983954 90.7541972581242 101.657004653041
-0.568922306410968 96.3792476660567 100.910714649231 73.7640231903831 67.3870577323359
0.317690957803279 96.6081621678999 106.095147007805 119.249870974191 81.5386220162042
0.543095451314002 99.4675627788055 75.8862242635729 79.5986569971244 93.6921168655861
0.731168756261468 106.677944497318 99.1144289922903 91.5773190389254 108.650054376168
0.877553717698902 117.303016663566 105.960096137317 110.669695353726 116.381017406591
0.733659114222974 66.5251015371027 118.013006238183 81.5113224910832 85.6253653418207
-0.956182657275349 107.104047082224 95.1663566666612 119.342038324609 88.6602652184694
-0.680363920051605 127.80668303017 76.5837220542539 102.813828951482 91.6710067763788
0.245386048685759 117.830163990489 80.7736454580022 72.6437231021182 93.0990920653224
-0.663942698389292 75.147580554545 82.8723369680169 106.855057779409 93.3008526916877
-0.28259762050584 74.7534507224136 82.5808850266898 107.583049950534 85.1093216563847
-0.645691087469459 85.7063388842534 110.944349904787 77.9527766923038 90.7864049800469
0.583326651249081 102.791367374317 70.9374763584989 104.609399095982 96.8386804197896
-0.981243163812906 99.6161065353856 119.595754972052 106.097376964817 92.6364087883124
0.855314473621547 102.121004161123 99.6869578195758 98.2576898743072 93.8886572215618
0.780924157239497 89.7853532052099 118.782010411987 125.143950379452 93.4446352559644
-0.951213840860873 91.4747561663398 115.08718313391 83.3050501145227 74.2133190152545
0.892525015864521 109.099855532206 92.7328108922234 92.2496200346561 97.7490083684962
-0.151668184902519 83.7257009826261 98.3036341601966 66.046199669985 95.9325675692508
-0.624174545984715 93.0355262197806 107.761996766962 107.334853278642 91.0141496468563
0.340195262338966 80.7068597812402 77.7136099689397 89.3886551988038 106.858189826908
-0.903760742396116 135.291550405714 101.550443469715 109.000799165756 128.16136290777
0.696205880492926 93.7699893022895 118.315804727061 99.986933039008 106.174472262951
0.83407892473042 88.5507748689882 70.0048518579772 96.7416134394379 80.2252352907579
0.926339922938496 83.9202416480531 101.20617582069 108.673366879084 99.1812558744138
0.799181963782758 78.691121303922 113.888503335186 95.4008752856425 87.9612039504265
0.0658898036926985 123.354980661289 105.840364334869 112.958346618879 106.0712513097
-0.00374167039990425 96.0578651236447 102.299579992728 103.08937660981 114.470338251871
0.708662426564842 78.6344891042813 95.2230156677559 68.75671053415 104.671742228578
0.864795031957328 104.448527016804 108.115229563238 91.4140056316213 122.829173163392
-0.548958186991513 101.218380508818 110.899144713324 103.385563739133 82.50888708357
-0.222455902956426 96.3909120091206 79.4174028149352 112.383498751844 113.706555550861
-0.161459486931562 94.4280782354475 100.389152480235 140.758671753192 102.309429711975
-0.166081889066845 88.4909866190465 129.024588426548 100.125890042311 110.63049534108
0.716831426136196 115.866340585518 132.136783079033 94.6830414231814 105.511674125968
0.795639884658158 112.204076649288 118.922417790204 112.792697005781 115.964575078803
-0.661902110092342 98.8762338309699 83.7351045426186 120.161120826885 89.2022144220438
0.27569440798834 97.9004106900678 74.9536028897217 114.410568239854 77.7661205962777
-0.261894573457539 105.812330159739 122.768955326852 106.968995490906 96.8895014798138
-0.693074006121606 89.5515449566726 88.9308053705773 137.124218128313 118.994258268837
-0.694119104649872 90.8905440626259 123.268619893069 100.276207190343 88.8948470956247
-0.647948571946472 105.832911825376 106.088977756919 115.70664027153 128.899785297386
-0.936709622386843 109.302157317916 82.4346740419699 95.6788071124098 71.9687923093428
-0.449310908094049 92.2745915855322 114.144053285559 83.2804926296102 101.263025457417
-0.847114004660398 92.470831816321 95.9878485074018 79.5102421124109 110.519804069883
0.248719638213515 111.014622079334 105.757309145726 72.4331729133453 94.4207402713026
-0.995224599260837 83.7001463812604 100.903975547901 118.081569231315 91.884592292264
0.628919542767107 99.2424994169401 118.212361456116 116.117873754401 132.003207240504
-0.699136473238468 107.327341161127 123.064670893988 84.815176957435 111.131335832225
0.12319528311491 115.262459140398 97.2802372344659 91.2870748790935 98.9961011607273
0.314689063467085 112.060150072812 129.113950644223 92.0124598923893 104.924091244821
0.509930579457432 103.095545068376 111.649764440883 113.550870943149 112.548866998582
-0.974279469810426 81.2689060134371 97.4367127662853 100.04029942205 100.057615643327
0.637175899464637 106.339675751731 79.5135527992427 90.3101901970913 112.064903293726
0.690280757844448 82.0680410089655 90.6875100723227 86.4465443273546 96.2905049536481
0.0196295408532023 111.238920099183 109.184301897322 74.9745526515099 125.365061636349
0.586970870383084 96.9670039663138 118.290407096776 116.620498892801 85.2844781514045
0.664249464403838 100.714547395348 91.8593296176491 77.0218128144736 96.2761224227603
0.0747669260017574 76.3848745243233 113.575931452733 131.958473987408 84.6142958107097
-0.440422916784883 125.203400353074 105.613722545148 83.5401488202064 95.3020349625695
-0.0852060108445585 112.477406873268 133.597052995928 91.2155150957568 129.693734925215
-0.509782264474779 117.772821241014 114.416310751304 99.2465371775963 114.805613270885
0.308291457593441 109.138517159563 77.746049000866 113.315002306348 87.7104040618149
-0.819717829115689 84.4918190819551 99.6384655950867 102.712174648497 100.253431810105
-0.659339579287916 106.113387883469 122.64281766246 81.5792391827222 90.8546612056118
-0.5382448034361 116.172430540921 106.008317577896 118.603210859154 99.3293672577692
-0.618300694972277 123.233280274089 91.414715163256 140.850546059771 83.2286735393372
0.394371823873371 113.573371853138 95.0254836529967 85.3478514468677 107.754425384122
0.56235438445583 98.5161445313061 87.8943302471905 97.6105833814384 132.261880650227
-0.0271003148518503 99.0800361778349 73.4943603234261 66.6100534255337 75.6211954531885
0.0497455159202218 91.4604959129537 102.065632078349 125.598967399451 69.6862105182086
0.617854584474117 94.6284622202297 116.999980666811 88.809457014055 92.1932032036859
0.448467289097607 96.9041317597475 104.609397878207 106.277722133664 93.8562230034836
-0.124664109200239 107.588172647892 111.109939897603 119.119866165459 111.718546476031
-0.815091288182884 115.826002790131 93.9324717902935 112.412990546079 109.752937536088
-0.952959938440472 82.3542918302323 83.8836177515751 83.3371321497877 92.030361468595
-0.622253849171102 116.122137936113 111.881554562896 108.102482216241 95.5051647972716
-0.795960073359311 87.9969393160437 107.395665169745 90.2738421979779 91.8729932912699
-0.481702652294189 103.886910365913 95.8707983219016 75.5188382643907 84.9505598173991
0.2137804874219 88.3589110286468 103.579758333801 107.902390580625 116.148383791101
0.293995834421366 80.4565603098595 106.198377641983 132.53294232286 104.700579946267
0.0786128449253738 94.6077487353369 102.896912908771 78.5002826834384 122.745558315515
0.750573021359742 120.812556027336 109.421325881118 102.839456494919 108.239426940801
0.0714556109160185 95.5787999900796 93.0100852133837 114.931183757954 108.866234546944
0.128484622575343 128.458293168008 88.2141751996535 87.1680693818037 73.8435873443919
-0.791126272641122 101.552917436849 109.161342887905 94.3459639787313 101.663171449279
0.981653967406601 86.7534577701351 93.37034295545 122.228068105281 109.556138370457
-0.0043536638841033 84.8059532352492 76.8335787498834 104.06573720018 72.8313935609599
-0.146305985748768 105.699031953711 80.3372364709994 99.8523273699049 105.999918136841
0.570204377640039 94.7004578057556 80.6834637740656 99.5328074829243 92.3917150733057
-0.417218381073326 103.330993413297 106.23857621837 92.2417306554624 105.32243894572
0.723128044512123 109.992828844742 113.04078857558 91.1432572541854 84.1870746567992
-0.892645701766014 76.6886291191498 111.785553827815 91.5392750436822 107.191169019756
0.928095231764019 93.9290011180366 94.5150597696838 98.8758668167405 93.8649185124524
-0.771403040736914 116.190854447026 98.2360364388191 108.227783292512 84.9527191560205
-0.87008064892143 97.1662761697222 103.536506226009 118.796381880027 101.968299781884
0.888876870274544 105.159195168714 105.490272621524 88.343995135868 122.122770665195
-0.912070968654007 85.0967470154289 132.090363854686 84.4655061796664 83.7238243499326
0.807897259481251 99.1834961608574 70.974544056599 116.423197108446 102.719470194765
0.498067414853722 97.2685552926527 58.9052677023052 133.591406473941 100.016033908464
-0.343178668990731 101.654771301269 106.181531917842 79.5062900291024 98.9505416041111
0.183710465207696 97.6201874015276 86.0939368474273 111.689686956908 113.812334193421
-0.072363599203527 89.5101971457506 104.814737739479 125.575561262618 95.8165415284249
0.186332684475929 95.4124116131069 99.9619941113063 108.127649008651 106.431935492934
-0.476333565078676 98.1609939924448 102.478952346483 90.0725517790115 101.128370475078
0.922915495466441 90.9956096163892 115.698700142037 113.963589583979 71.2917243399258
-0.0901634311303496 109.174341096169 91.5327804647605 92.33879027247 113.862409812493
-0.645575092639774 91.7066040394763 109.108778767378 89.4089842555815 100.45110996731
0.881708005908877 99.7821423187098 94.6798153570592 108.263677541481 105.647507741349
0.683915368746966 115.604913430386 88.5819638648417 98.1401298106144 76.9647984415971
-0.437286001164466 110.49395562334 95.5299396446552 104.632585046876 85.3118869226619
-0.733082873746753 81.6837824349971 84.4152251456421 107.533442357229 127.857186823236
-0.910340260248631 108.185071107766 89.2726720141608 108.520940804653 121.495161502311
-0.360716485884041 102.712580000263 92.2378735926795 104.319815206782 75.2116300220021
0.709827110636979 93.8981373956979 95.2614756553431 103.277629401215 71.6912832218228
0.0628332821652293 109.542646058979 141.512558438016 116.546766126421 73.9571917380872
-0.558190242387354 74.0836680482561 108.273845032115 122.82059927248 92.181103470833
-0.299037725664675 109.445521293202 93.5743402153074 96.271465122138 85.0902480133013
-0.580432043876499 83.8352835990134 103.984577053982 101.332294298699 98.3170772352779
0.0892051630653441 115.945366257798 73.4744845480106 91.4621003544876 116.295988401574
-0.446765192784369 99.0460898242118 115.959308578971 74.9880739362999 88.5551608927891
-0.789057977497578 92.0596756426064 101.071520752365 88.4102326961461 93.873246197093
0.681312556844205 91.7802142625175 119.982995727024 122.343820096662 107.517079662599
0.598946990445256 97.1932890462157 85.9727164220971 114.46197565707 77.2675476974506
-0.822297855746001 88.1856887153558 111.781839119902 70.2773106386366 105.507737670763
0.0640384643338621 92.212812047055 109.026521434933 104.780773640816 107.725508689982
0.604743636213243 82.1664550977724 91.8114052871652 83.9483581066462 87.7365696639574
-0.309041744098067 74.8725609210381 104.020210948867 102.729795824721 76.1336557186713
0.794590535573661 88.0821197728631 106.211302128192 95.588887908436 93.9585437925464
0.852167269214988 93.1072361629703 95.4104697671218 73.2719455462196 103.233014766487
-0.734819605015218 92.8513647196664 105.395979353915 126.057935426572 105.58364978297
0.980304028838873 73.5351147848578 100.776201646277 101.270330409198 100.958177440173
0.696057409979403 79.7822495060851 104.404441615252 74.4887685723362 104.547019521846
0.375807906966656 98.1943296761901 107.385832205971 113.408421168398 111.806926664281
0.916899611242115 115.887710447359 96.1919657478117 96.222376659488 97.5546656914993
0.118973628152162 85.2454138365721 131.439888861432 98.7728348085399 105.736280926881
0.873957249801606 133.798639931125 113.807795017797 99.2370894927541 101.711931376954
0.328102926723659 79.523425196426 90.0557453616428 120.109436361709 107.373412483436
0.807730756700039 75.559993488915 100.990602893945 108.366099292527 101.537911424784
-0.186956294812262 112.494510247898 85.2448109180738 111.272647989632 127.07570248797
0.2865218706429 91.1019332296465 119.426800285446 93.7038687756779 104.929980991257
0.175507030449808 86.8888638837288 97.0185368225437 118.498633930315 100.309952947051
-0.692947202827781 80.392055902494 90.7223995721027 137.180015949783 102.826011264145
0.4760877401568 103.376503623355 104.995599543918 102.434265268249 98.7430609464768
0.181573391426355 76.1673787133486 69.2924918663416 70.6575854119257 80.6442097840799
-0.308519413694739 121.423878640574 99.6943554689645 93.1108460167737 84.9022659460966
-0.751076786778867 107.087986868818 96.9230417672714 111.900769263384 72.9260812143228
-0.587454177439213 107.484128279376 77.4519274492046 108.316252004876 129.880535082603
0.147892212495208 102.347746481519 79.6085731053579 94.3417738556064 101.37555140879
0.734862066339701 89.8078228418594 120.462577780377 81.8463323806145 102.731731540041
0.878919837530702 78.6212740804742 116.525238834442 126.615470891476 92.7239104940592
-0.123750378843397 83.7371921015779 121.401956075054 103.673435156281 104.040029705008
-0.225903322454542 94.6595473013356 86.40386344674 83.1853296306165 111.298690050233
0.234248041175306 64.7614745200277 107.447784400908 98.7447804955277 73.3727158497023
-0.806730679702014 74.3519318244481 90.0596689345631 99.7513158847181 124.494957915156
0.244611943140626 89.1549244800644 122.788603296662 96.6460649891268 114.760462778213
0.284087945241481 103.028517157802 111.235404055572 122.177196919709 95.0594157687979
-0.960328184068203 96.9739575263152 81.9843950790217 94.093106626555 96.1954933459247
-0.620519303251058 131.982163008619 89.8491730241958 137.226526091992 83.5667399358645
-0.233781219925731 108.131460914292 102.652467092436 112.581057972015 81.3159459917392
0.187278273981065 92.3763320401433 106.772341240707 92.9811767290804 93.658608285762
0.201373380608857 111.074839288106 94.5585799575882 110.158514847911 103.127596205172
0.870524000376463 101.874431630746 101.598196451591 95.1065903198835 95.2208871776133
-0.0629586838185787 108.438904833175 98.81827114118 103.50651548724 98.2734753284838
0.421508416999131 112.594877158971 106.262844936772 91.1602659842715 99.7767812532
-0.651325086597353 91.5641918903299 119.566500647939 111.499167404634 93.7127360141974
-0.511986140161753 78.2424196283314 104.227239692848 107.797162105496 108.959131758568
-0.904962393920869 92.7781174703051 101.917126195848 88.5124484377493 112.427204316627
0.743635713122785 114.163590926245 105.374060970721 107.650445428067 101.082477830924
0.211053906008601 113.945156534442 100.369828825125 106.117589878741 87.3743988153104
-0.856352683156729 128.880302474684 96.3417074329638 94.5323025216528 108.58302669074
0.569253814872354 84.2146224786916 91.3193450051899 65.7731012845061 117.883906374048
0.415167258586735 87.1433717750596 110.628340833613 101.100980942662 74.2832010801488
0.490335349459201 84.3672248680643 109.896132587236 68.8694197002404 86.0221997892528
-0.0163629506714642 120.07277827885 97.7450556119952 94.5079219859923 111.35926909942
-0.251430682837963 78.7042431065453 106.992217092783 82.7791497146563 101.894956119454
-0.58449404174462 103.384103305555 106.271469625792 107.04356518903 82.0593054108479
0.123835653997958 96.8939436966394 125.548756506732 123.275332949652 105.410559544741
-0.0870175738818944 81.0865102768821 100.015521643552 115.566095481043 91.3158410687747
-0.439452435821295 109.116461856313 87.2186527997536 118.523731386035 75.6762275559084
-0.0153188463300467 100.338271669538 101.307467375784 95.0571717107064 101.467678453586
-0.69462651014328 91.0194627017167 122.523943728621 83.0330932180649 85.2359430217147
-0.196840309537947 78.3907087131441 94.5739409775432 85.4802671997466 91.5123267412072
0.128797501325607 84.573377011058 146.574012940817 100.527551157777 107.881331827366
-0.811104475520551 106.449936212876 118.132370163575 76.3423790474806 78.3105885894331
0.204283677041531 107.012194172878 104.661896553739 93.0692962313673 114.484479258159
0.485138090327382 83.5832190475512 102.553197115703 116.2674991032 117.095046789826
0.243929944001138 104.628047656494 97.1797635280887 119.459363361051 123.872700979797
-0.869730880018324 73.8226458813918 94.4418952617901 87.8675614998035 100.828586461249
0.406364169437438 110.006539954398 104.52560628272 96.6110157610626 117.563266527289
0.09607785474509 115.296872701769 76.9148787458248 122.776952042086 97.1738866204083
-0.77901354432106 96.1441267266669 106.422230314703 97.2814451174568 129.881343168572
-0.578660032246262 71.6279088255361 85.9148076283731 103.532191132122 63.6941881951474
-0.270702188834548 89.4843608793978 109.341296604324 111.622067767795 91.6992631558979
0.828416464850307 97.528617120632 137.888686409445 91.600973506671 103.32897406774
0.0427341107279062 80.71026970265 100.616056176635 129.992850544578 115.082139941257
-0.67330685723573 122.095587443096 110.582842369507 71.8726181930733 111.986845270458
0.918354549910873 103.282188274429 82.6944194762395 110.264089547107 93.8769313562602
-0.412946764845401 105.464475998114 103.817669127452 93.9278949137073 103.090892107813
-0.976458274759352 87.1312209842396 94.7889856947416 106.819129127034 99.5729318412301
0.90650251461193 118.440120725941 88.8319016370651 88.0059860834245 114.395351232948
-0.562156886328012 132.851144390353 104.238994112481 93.7502632512095 78.9701808331341
-0.915246926713735 91.234032189069 101.094550701343 88.4277729811907 102.280826810032
-0.505817091092467 102.316320399674 113.741505763267 107.794093600099 81.2206469364725
0.273288239259273 123.944941440772 125.902903103178 93.7293187468729 92.7229048946859
0.0809546569362283 98.4348053447918 83.5122450222572 114.107533254184 63.9675466097308
0.104785941075534 143.281848842712 101.598992973399 105.747097819265 105.186849353572
-0.277488832827657 106.792545289687 82.3737716434634 80.8724142793947 102.883646186748
0.0207276013679802 102.116524523462 126.913004467217 93.572362015364 90.6585535374543
-0.036837553139776 95.1017026372138 129.413594226945 88.8728922977452 131.61319197543
-0.773745719343424 104.414911392155 99.6761257162424 123.306157265036 102.241804838085
-0.728039593435824 99.6453085962365 91.8434259060111 90.2223640496389 83.6082650975411
-0.677828507963568 91.5225414549413 134.606457195305 92.1090743197528 92.4466418882505
0.241442619357258 100.322774764265 96.927278142068 97.2661452477212 99.3141478991291
-0.345642515458167 102.684213976624 111.180577028319 87.5156922855672 95.7853663621075
0.0636485503055155 100.472396331342 87.2607493232004 109.633854730438 84.232191881827
-0.229062306229025 84.5303145983368 86.6216558223064 111.358070085367 87.1830271226288
-0.714661116711795 84.282477326356 108.944701855785 101.717781307882 98.7709553847514
0.215330636128783 95.7541828941681 111.713536755794 133.391190173264 115.509192824719
-0.311974454671144 81.4918017011862 95.434106477297 106.753319423226 89.971697700337
0.681367103476077 107.394099443791 67.6007020440701 103.465157042068 101.851263914026
-0.449271069839597 100.267526043735 107.794960963642 128.688609182236 84.2252326758866
0.469383349642158 55.5673276025652 78.0593245958494 108.332537175976 103.147360557841
-0.14818735094741 87.9718528858845 111.317441758129 104.287665025821 108.243501135506
-0.924235874786973 84.2142648370479 89.2456671400561 99.8288036757587 97.9374018878759
0.0323527189902961 83.4165812941609 89.4557626787806 89.67761446672 111.742701040893
0.989771473687142 118.352094025856 101.050729192002 108.259197112832 103.908942005564
0.326380727346987 89.2074572156111 95.7791538546912 101.171576192179 104.238136781769
0.0615127771161497 109.269757396232 81.9032459841483 75.9998975324023 92.2456518566968
0.619602310471237 97.2316918944046 104.833600461332 96.0053088859464 108.363736787061
0.786558601073921 81.347309497771 95.7627900384981 102.867637872366 123.356655863602
0.0887326612137258 84.8671295030894 105.632108235627 61.0006193110783 125.177500771184
0.42041066614911 91.443397207105 95.6201528482467 94.1338174656582 105.077570861664
-0.763985331635922 74.2681889290698 132.39289627838 123.948847392708 72.6685599475687
0.369615161325783 80.2039960986277 67.0624531002741 111.029036400263 87.1377571413987
0.894943391904235 112.968112720293 88.4806165720933 103.678318029403 93.953707215585
-0.841802295763046 87.6749652642206 95.9479701365045 88.1916251957554 91.8769016637468
0.498780144844204 101.348694706216 78.5663603437053 88.0191883379161 94.6903082895953
0.383586323820055 92.0715053335426 99.5824407736651 104.798795077438 95.0467576271725
-0.49950019037351 99.9385702189163 95.463190451023 69.0661465032205 83.1040204444275
-0.464148968923837 104.486756756068 72.7158390050207 110.056888876696 127.671236031636
-0.217188281472772 114.034598402595 102.520461243673 120.673393372065 103.435025286062
0.136570292059332 74.247636095032 112.876836949309 98.66532549885 115.050341483172
-0.740294407121837 118.012758300627 106.243577976151 120.622060759348 95.4725106220064
-0.93218008428812 95.5432888125988 111.166922290557 80.7004963173109 90.5014059182297
-0.0487321461550891 110.059086502743 109.042615009668 93.3568280895978 114.683590601897
-0.547285164240748 89.8817201767053 108.03257897693 95.9436705605994 111.695550759927
-0.0496226553805172 95.4456942504389 92.0197918236098 97.3156442107765 113.170740418613
-0.668114996049553 113.93658245057 65.2368439296329 92.3952837868942 111.377469301663
-0.229486973490566 113.888457341308 87.6351570918518 84.5061418475854 115.95706987901
-0.950592937413603 97.7433488834847 151.40620209222 75.8395502244907 88.9271318417786
0.448870635591447 105.145427806868 103.493610875443 117.862829569477 88.3999911588467
-0.620487653650343 94.5007026359934 85.0035179127643 75.3104178390677 96.5731957933519
-0.081494583748281 115.478267178808 92.7735809137705 75.91465824428 123.729791720476
-0.981562065891922 99.1083773041012 119.301289171421 123.450053357769 99.7779879485887
0.940551431383938 89.0367231856254 104.022535727718 100.962989965021 117.233135435928
-0.635266020428389 98.0836284147538 82.2110541498813 86.5329092084578 111.404945837547
-0.718859283719212 94.0287264380407 106.607233208987 129.407961847804 91.3294462508537
0.0725160925649107 113.333123457427 82.570222489055 106.432544734432 94.7451424434175
-0.0245274864137173 89.5466222502459 105.102945343492 109.668544095441 71.1172546957705
-0.306611518375576 104.476935957781 91.3978556168384 114.627781197013 98.5421036912191
-0.0151439947076142 107.53378412807 101.994704189626 91.2249914683627 98.9691751026692
-0.0477661811746657 66.0952810391661 81.3320500953075 99.2722474423062 128.330505216563
-0.0544291753321886 70.286639571733 121.57370382092 85.1530166207058 101.163505757554
-0.802522563841194 88.8214806518388 107.733621669187 85.8905708361459 134.382754516778
-0.559460435528308 84.7492879149319 114.099809416337 90.2460172820981 115.087544604394
-0.0647067371755838 98.6193030600802 93.4338043057614 123.279310236828 130.006471711501
-0.597638244740665 87.5432452491485 97.4279791033383 127.776301785802 115.281693465816
-0.0203717295080423 114.835389842225 91.2634760234266 123.815394037022 83.1740277291238
-0.650400795508176 81.7647317826617 100.169073275578 105.606575746024 103.613311576957
0.130252752453089 105.142760568025 120.215669597573 82.0723749264966 92.1983142926514
-0.965130990371108 84.1270374009043 73.5710401647501 88.8165526730134 77.3534919521831
0.147547050379217 84.8714035626519 105.687375874506 112.724441679738 96.239896586438
-0.00356463994830847 126.092966777168 100.332297865393 102.283136625707 74.567505207607
-0.599735931959003 87.8875245618612 122.523211697459 119.771563316635 95.7956959437494
-0.499243408907205 106.027245983854 85.9772024581958 83.6121843272314 100.881810590321
0.087910468224436 81.2279356876475 110.425881727113 88.8090075401748 103.593959284647
-0.725747135467827 89.2718528365053 94.8169366909364 96.9082345173541 89.3746259300216
-0.649249603971839 112.438095974963 93.507465319241 96.2355069935762 110.934065165684
0.886924136895686 100.798483647937 107.785776782265 102.721151437592 89.5686044955745
-0.20432495791465 118.475261079742 108.038518564384 101.527239408331 110.112865894826
0.0600443505682051 89.869322284839 115.632880183444 89.408455451144 88.5251156536845
-0.744466896634549 107.219799673242 103.292593766536 102.660071804909 96.9514509434437
0.509277764707804 80.1533212811371 84.9472238201366 114.189584778914 72.6906797634842
-0.52887616166845 109.008860089935 109.51215905503 116.205394945243 80.4392213129256
0.303735261783004 95.088899212423 98.3051049937786 117.796001382372 117.137922837577
0.105776081327349 75.1483472189777 87.3639572399969 71.2479654584527 68.4750488406079
-0.007148502394557 116.491766868946 110.18407957658 91.6481285515137 87.6630960912916
0.748779136221856 116.746368298366 106.716480385636 93.8825864110443 127.730486106752
-0.0158780263736844 95.8073470394532 75.0709508313481 87.0451409762696 92.7535589438195
-0.216823282185942 107.920934429429 64.924728293792 69.9889493871072 122.077880580882
-0.682015430182219 101.681378791532 104.221872390546 99.1627904986954 94.2640299275294
-0.694002337288111 109.484243218445 71.6091948987802 112.667576007266 131.744753909133
-0.906574774999171 113.632256955622 102.43074146999 77.7575670601525 101.045738641279
0.577601204626262 107.600976664533 100.487805170052 105.623714451614 102.191804858476
0.669940473511815 133.133639518837 109.026095786227 103.901503212523 81.9618987972075
0.43565573124215 78.1378912707992 117.066142850461 94.137531955165 84.6985160834376
0.0970958960242569 130.126615178035 89.6011424388104 95.7055382711491 102.04396837331
0.384559785947204 123.074544896178 114.012976721357 105.812728881771 118.575153345659
-0.0585024100728333 104.585542693597 112.671536015655 106.272513881396 82.2849619374792
0.580744234845042 99.5676160918526 88.8558029294404 115.854535716053 54.9747137141573
0.837360103614628 116.969816417034 140.413176551971 97.530020740293 84.9740600588319
-0.722538019530475 74.0833557412754 85.5775696604115 97.0667750419476 98.5148350987568
0.652130907867104 106.768199327849 108.419904413039 106.458532134966 107.276951239828
-0.481839310843498 118.112112178529 116.549820022702 66.1822316246758 99.6499667536324
-0.906529433093965 93.7747465252632 83.6043831174126 129.592423993707 125.859484458143
0.695879953913391 99.1048764002055 113.479007402765 87.0051460199826 88.5733449156584
0.290041412226856 105.674884332336 107.690391400234 98.0947219735493 94.8480111453452
0.251668215263635 90.5939531722485 99.0022633570616 114.464127999953 84.9509538383954
0.096409410238266 96.9531409774027 83.5423018819797 90.1800033319242 108.479880648035
-0.605451819952577 93.5711734861786 112.135623990095 86.5502769973975 90.3949408648757
0.376814849674702 78.8050475309925 73.2940011634121 79.535698225174 91.212264692502
0.713436341844499 103.396833924947 108.910869531675 98.5633268886353 112.118513001742
-0.618844770360738 128.821391767428 105.055369782666 125.490050875509 128.655265981309
0.763385161291808 124.041353364191 84.0759727835512 86.1512844910424 83.1911753446696
0.506621336564422 110.562805517721 103.674325626181 121.278665210195 77.7611441802668
-0.889708537142724 84.6162877700869 128.086979447852 80.0320067799652 60.3677022691811
-0.387585564982146 78.9546014635856 114.445605176448 100.362964337264 109.554025208275
-0.909203039016575 95.4116918078547 93.8835691137112 81.7042766025451 98.0550456352357
0.412329189945012 119.181327643307 103.384858560429 90.6475133215598 95.2691680240139
0.965905334800482 112.338695141864 112.447555303699 108.331148395901 111.179196436355
0.920338328927755 124.462399750437 78.4573344443288 104.549310073058 111.295870422576
-0.853880186099559 100.072927851269 109.313447419438 91.9669743395648 107.909690627108
0.119007493369281 103.950651403014 115.237853472596 116.765728108003 104.960795499211
-0.984277091454715 92.0817036707337 116.368061003548 93.5630293959468 94.443436468311
-0.656160081736743 75.5100131487647 103.708704134126 124.295609668935 77.6083635373798
0.545863771811128 114.862704303925 104.739863809471 83.5256109782956 123.150582029469
-0.394238382577896 106.10574914026 71.6804530114134 108.992188571107 106.8765682433
-0.934991352260113 101.967731090883 98.6805951269499 100.541829077606 112.764516237479
0.892758111935109 90.574127693668 92.2844042908415 94.8810223062768 126.851999038298
0.0658485270105302 117.023337231525 80.2126823020089 113.629447127203 104.506520882901
0.852330611087382 103.058636859971 94.144912048183 94.525369318223 95.4223969364169
-0.570868876297027 86.2152510176162 95.3264245599717 85.1445734627209 104.158332327241
-0.712003144435585 84.0254595920514 99.1424672246472 80.4357600875258 65.995129897576
-0.278923614416271 103.887067992513 101.449018424293 101.708778394339 88.7508360235307
0.383022354450077 100.247852686203 110.630215405917 94.3268520038784 101.555567901736
-0.565177783835679 96.3374540235606 104.346220419476 99.393479011497 91.7970290428579
0.915593589656055 119.200992333037 111.55384754752 104.245976686077 95.8054908399107
-0.699460442643613 85.4769548488339 94.4505026303297 90.6635696582815 98.4303866003707
-0.594252926297486 117.730672047673 97.1078154105399 124.265993196494 108.031027235733
0.661532493773848 93.0911836539508 109.584203668002 112.294393591971 91.1267289678027
0.844897552859038 93.8518402468129 94.8352228129815 106.366613807182 98.4010980908503
-0.574110154993832 101.874140571329 81.5296527932909 103.23756479216 104.687120276441
0.0530579136684537 99.9139064782389 110.043800589288 80.434111023113 112.219344382197
-0.445843335706741 86.8531491827241 97.3707494156001 95.7268583616199 114.577101398924
-0.877153656445444 65.6667609319461 95.1148992571997 90.5833550081301 112.762698364945
0.650182453449816 103.456528476764 108.954408205091 89.0283444147865 84.9236259972274
0.0839037504047155 104.289299511618 127.42611725051 110.622577790178 114.639795905927
0.037328477948904 97.235492346846 84.8838949219071 95.6098580441888 130.970444962116
0.210747132543474 74.9178286851364 78.2684246223837 118.172746398326 94.8066381152942
0.011494554579258 84.5356482613416 103.820176702135 114.943049607173 98.7273499584448
0.373701901175082 107.639174460704 95.2214438641251 127.590897303036 98.8102608541062
0.243710566312075 120.743683610044 106.536992247812 88.8472501113667 111.138623980355
0.407512105535716 104.280841422366 102.594632201606 113.773913685862 110.247534136164
0.212254887446761 87.5219080058181 106.470244561271 84.8682234870629 103.291867892044
-0.990066123194993 99.9366866228107 75.5543214763326 88.6759653893272 100.238558937709
-0.924885341431946 100.409122184998 103.901572438824 100.913432513785 126.295758623713
-0.120494435541332 113.450240299479 118.546541460601 121.632634372967 111.311650471129
0.762741937302053 106.442160947278 101.591794920306 120.424426971554 108.330060249819
0.70102048991248 95.8080380148442 91.5612990284895 89.7151311404362 89.2619423888525
0.471218443475664 90.5206307422368 84.7522983312411 82.178633888396 78.3443243180517
0.647479170933366 89.3119729847118 126.149785531861 94.105661172396 58.1916683058015
-0.33027951978147 94.7590695107868 81.5804409918387 89.2113571978409 106.316238161113
